=== FLAT FEATURE MATRIX LOG ===
Feature names order: ['jit_enabled', 'total_startup_cost', 'total_cost', 'max_plan_rows', 'total_plan_width', 'Seq Scan', 'Hash Join', 'Nested Loop', 'Aggregate', 'Sort', 'Other_Operators']

Query 0: [0.0, -0.49148544669151306, -0.5634422302246094, -0.10230487585067749, 1.0926992893218994, -0.9267388582229614, -0.9402703046798706, -0.8491160869598389, 0.0, -0.17543236911296844, -1.2763192653656006]
Query 1: [0.0, -0.8186286687850952, -0.8243759274482727, -0.46758976578712463, 1.8116977214813232, 1.2320176362991333, 0.5372973084449768, 2.4474523067474365, -1.4719600677490234, -0.17543236911296844, 1.887514591217041]
Query 2: [0.0, -0.5390602946281433, -0.5598382949829102, -0.4440642297267914, -0.5517426133155823, -0.20715336501598358, -0.2014864832162857, -0.1898023933172226, 0.0, 1.271884560585022, -0.4853607714176178]
Query 3: [0.0, -0.7519360184669495, -0.7633844614028931, -0.4895312190055847, -0.902936577796936, -0.9267388582229614, -0.9402703046798706, -0.1898023933172226, 0.0, -0.17543236911296844, -0.880840003490448]
Query 4: [0.0, -0.6938769221305847, -0.6944125294685364, -0.4808644652366638, 0.1886121779680252, 1.2320176362991333, 1.2760812044143677, 0.4695112705230713, 0.0, 1.271884560585022, 0.7010769248008728]
Query 5: [0.0, -0.656176745891571, -0.675081729888916, -0.4854700565338135, -0.9503952264785767, -0.9267388582229614, -0.9402703046798706, -0.8491160869598389, 0.0, -1.6227493286132812, -1.2763192653656006]
Query 6: [0.0, -0.7065034508705139, -0.7341131567955017, -0.4699823558330536, 0.9052376747131348, -0.20715336501598358, 0.5372973084449768, 1.1288249492645264, 0.0, -0.17543236911296844, 1.4920353889465332]
Query 7: [0.0, -0.7396032810211182, -0.6576496958732605, -0.4903410077095032, 0.3214963972568512, 1.2320176362991333, 1.2760812044143677, 1.7881386280059814, 0.0, -0.17543236911296844, 1.4920353889465332]
Query 8: [0.0, -0.7314027547836304, -0.721272349357605, -0.47388356924057007, 0.4733640253543854, 0.5124320983886719, 0.5372973084449768, 1.1288249492645264, 0.0, -0.17543236911296844, 0.7010769248008728]
Query 9: [0.0, -0.5331990122795105, -0.5255160331726074, -0.48304685950279236, 3.2164735794067383, 0.5124320983886719, 0.5372973084449768, -0.1898023933172226, 0.0, 1.271884560585022, -0.08988155424594879]
Query 10: [0.0, -0.851566731929779, -0.8617948293685913, -0.48788216710090637, -0.7510689496994019, -0.20715336501598358, -0.9402703046798706, 1.7881386280059814, 0.0, -0.17543236911296844, 0.7010769248008728]
Query 11: [0.0, -0.3912394344806671, -0.4632613956928253, -0.3938713073730469, -0.7676794528961182, -0.20715336501598358, -0.2014864832162857, -0.8491160869598389, 0.0, -0.17543236911296844, -0.880840003490448]
Query 12: [0.0, -0.6018615365028381, -0.6406608819961548, -0.39487215876579285, -0.9598869681358337, -0.9267388582229614, -0.2014864832162857, -0.8491160869598389, 1.4719600677490234, 1.271884560585022, -0.4853607714176178]
Query 13: [0.0, -0.6666119694709778, -0.643377959728241, -0.4797441065311432, -0.5920825004577637, -0.20715336501598358, -0.2014864832162857, -0.8491160869598389, 0.0, -1.6227493286132812, -0.880840003490448]
Query 14: [0.0, -0.49148544669151306, -0.5634422302246094, -0.10230487585067749, 1.0926992893218994, -0.9267388582229614, -0.9402703046798706, -0.8491160869598389, 0.0, -0.17543236911296844, -1.2763192653656006]
Query 15: [0.0, -0.8075457811355591, -0.8167038559913635, -0.466532826423645, -0.49479225277900696, -0.20715336501598358, -0.2014864832162857, -0.8491160869598389, -1.4719600677490234, 1.271884560585022, -0.4853607714176178]
Query 16: [0.0, -0.7755162715911865, -0.702437698841095, 0.4584130048751831, -0.9551410675048828, -0.20715336501598358, -0.2014864832162857, -0.8491160869598389, 0.0, -1.6227493286132812, -0.08988155424594879]
Query 17: [0.0, 0.45346149802207947, 0.32018712162971497, 0.4584130048751831, 0.053355053067207336, -0.20715336501598358, 0.5372973084449768, -0.1898023933172226, 1.4719600677490234, 1.271884560585022, 0.3055976629257202]
Query 18: [0.0, -0.8205105066299438, -0.8308709859848022, -0.492923378944397, -0.829375684261322, -0.9267388582229614, -0.9402703046798706, -0.1898023933172226, 0.0, -1.6227493286132812, -0.880840003490448]
Query 19: [0.0, -0.6629119515419006, -0.6791974902153015, -0.4925283193588257, -0.5493696928024292, -0.20715336501598358, -0.2014864832162857, 0.4695112705230713, -1.4719600677490234, -0.17543236911296844, 1.4920353889465332]
Query 20: [0.0, -0.7209529876708984, -0.7040121555328369, -0.44524624943733215, -0.26224491000175476, -0.20715336501598358, -0.2014864832162857, 1.7881386280059814, -1.4719600677490234, 1.271884560585022, 1.0965561866760254]
Query 21: [0.0, -0.8396700620651245, -0.8513285517692566, -0.49264007806777954, -0.2005486786365509, -0.20715336501598358, -0.9402703046798706, -0.1898023933172226, 2.943920135498047, -0.17543236911296844, -0.4853607714176178]
Query 22: [0.0, 0.2704010009765625, 0.0741359144449234, 0.678488552570343, 1.0926992893218994, -0.9267388582229614, -0.9402703046798706, -0.8491160869598389, 0.0, -0.17543236911296844, -1.2763192653656006]
Query 23: [0.0, -0.734043538570404, -0.7259296774864197, -0.4168491065502167, 1.8116977214813232, 1.2320176362991333, 0.5372973084449768, 2.4474523067474365, -1.4719600677490234, -0.17543236911296844, 1.887514591217041]
Query 24: [0.0, 0.4404953420162201, 0.355240136384964, -0.3431842625141144, -0.5517426133155823, -0.20715336501598358, -0.2014864832162857, -0.1898023933172226, 0.0, 1.271884560585022, -0.4853607714176178]
Query 25: [0.0, -0.5909214019775391, -0.5964654684066772, -0.4815169870853424, -0.902936577796936, -0.9267388582229614, -0.9402703046798706, -0.1898023933172226, 0.0, -0.17543236911296844, -0.880840003490448]
Query 26: [0.0, -0.2482336163520813, -0.22501446306705475, -0.45601946115493774, 0.1886121779680252, 1.2320176362991333, 1.2760812044143677, 0.4695112705230713, 0.0, 1.271884560585022, 0.7010769248008728]
Query 27: [0.0, -0.23058637976646423, -0.2657805383205414, -0.4702512323856354, -0.9503952264785767, -0.9267388582229614, -0.9402703046798706, -0.8491160869598389, 0.0, -1.6227493286132812, -1.2763192653656006]
Query 28: [0.0, -0.3854318857192993, -0.44783395528793335, -0.42381542921066284, 0.9052376747131348, -0.20715336501598358, 0.5372973084449768, 1.1288249492645264, 0.0, -0.17543236911296844, 1.4920353889465332]
Query 29: [0.0, -0.4889948070049286, -0.21054627001285553, -0.4850631058216095, 0.3214963972568512, 1.2320176362991333, 1.2760812044143677, 1.7881386280059814, 0.0, -0.17543236911296844, 1.4920353889465332]
Query 30: [0.0, -0.2068655639886856, -0.20491644740104675, -0.19568443298339844, 0.4543805718421936, 1.2320176362991333, 1.2760812044143677, 0.4695112705230713, 0.0, -0.17543236911296844, 0.7010769248008728]
Query 31: [0.0, 0.7969986200332642, 0.5239831805229187, -0.46323007345199585, 2.5805277824401855, 0.5124320983886719, 0.5372973084449768, -0.1898023933172226, 0.0, 1.271884560585022, -0.08988155424594879]
Query 32: [0.0, -0.8312849402427673, -0.8412208557128906, -0.4777340590953827, -0.7510689496994019, -0.20715336501598358, -0.9402703046798706, 1.7881386280059814, 0.0, -0.17543236911296844, 0.7010769248008728]
Query 33: [0.0, 0.1914346069097519, 0.2279643565416336, -0.48724865913391113, -0.8032734394073486, -0.9267388582229614, -0.9402703046798706, -0.1898023933172226, 0.0, -0.17543236911296844, -0.880840003490448]
Query 34: [0.0, -0.0696660503745079, -0.16644765436649323, -0.195714071393013, -0.9598869681358337, -0.9267388582229614, -0.2014864832162857, -0.8491160869598389, 1.4719600677490234, 1.271884560585022, -0.4853607714176178]
Query 35: [0.0, 0.10259675234556198, -0.03120032325387001, -0.4533216655254364, -0.6134388446807861, -0.20715336501598358, -0.2014864832162857, -0.8491160869598389, 0.0, -1.6227493286132812, -0.880840003490448]
Query 36: [0.0, 0.2704010009765625, 0.0741359144449234, 0.678488552570343, 1.0926992893218994, -0.9267388582229614, -0.9402703046798706, -0.8491160869598389, 0.0, -0.17543236911296844, -1.2763192653656006]
Query 37: [0.0, -0.7024288177490234, -0.7091448307037354, -0.4136781096458435, -0.49479225277900696, -0.20715336501598358, -0.2014864832162857, -0.8491160869598389, -1.4719600677490234, 1.271884560585022, -0.4853607714176178]
Query 38: [0.0, -0.6046735048294067, -0.3548082113265991, 2.359614849090576, -0.9551410675048828, -0.20715336501598358, -0.2014864832162857, -0.8491160869598389, 0.0, -1.6227493286132812, -0.4853607714176178]
Query 39: [0.0, 2.4618799686431885, 2.1949403285980225, 2.359614849090576, 0.0889490395784378, -0.20715336501598358, 0.5372973084449768, -0.1898023933172226, 1.4719600677490234, 1.271884560585022, 0.3055976629257202]
Query 40: [0.0, -0.7401719689369202, -0.7490012645721436, -0.49285855889320374, -0.829375684261322, -0.9267388582229614, -0.9402703046798706, -0.1898023933172226, 0.0, -1.6227493286132812, -0.880840003490448]
Query 41: [0.0, -0.009220363572239876, -0.04597695171833038, -0.4916739761829376, -0.5493696928024292, -0.20715336501598358, -0.2014864832162857, 0.4695112705230713, -1.4719600677490234, -0.17543236911296844, 1.4920353889465332]
Query 42: [0.0, -0.17026057839393616, 0.5467235445976257, -0.09676504880189896, -0.3002118170261383, -0.20715336501598358, -0.2014864832162857, 1.7881386280059814, -1.4719600677490234, 1.271884560585022, 1.0965561866760254]
Query 43: [0.0, -0.8030082583427429, -0.8150100708007812, -0.4920097589492798, -0.2005486786365509, -0.20715336501598358, -0.9402703046798706, -0.1898023933172226, 2.943920135498047, -0.17543236911296844, -0.4853607714176178]
Query 44: [0.0, 1.0225244760513306, 0.7029972672462463, 1.4578857421875, 1.0926992893218994, -0.9267388582229614, -0.9402703046798706, -0.8491160869598389, 0.0, -0.17543236911296844, -1.2763192653656006]
Query 45: [0.0, -0.5285966992378235, -0.45330119132995605, -0.36613669991493225, 1.8116977214813232, 1.2320176362991333, 0.5372973084449768, 2.4474523067474365, -1.4719600677490234, -0.17543236911296844, 1.887514591217041]
Query 46: [0.0, 1.7631628513336182, 1.7051539421081543, 0.576764702796936, -0.5232674479484558, 0.5124320983886719, 0.5372973084449768, -0.8491160869598389, 0.0, 1.271884560585022, -0.4853607714176178]
Query 47: [0.0, -0.4112754464149475, -0.41316112875938416, -0.47359520196914673, -0.902936577796936, -0.9267388582229614, -0.9402703046798706, -0.1898023933172226, 0.0, -0.17543236911296844, -0.880840003490448]
Query 48: [0.0, 0.977216362953186, 1.0774376392364502, -0.4197881817817688, 0.2787836194038391, 1.9516030550003052, 2.014864921569824, -0.1898023933172226, 0.0, 1.271884560585022, 0.7010769248008728]
Query 49: [0.0, 0.18813592195510864, 0.13690955936908722, -0.4546351432800293, -0.9503952264785767, -0.9267388582229614, -0.9402703046798706, -0.8491160869598389, 0.0, -1.6227493286132812, -1.2763192653656006]
Query 50: [0.0, 0.9485234022140503, 1.2354367971420288, 0.10291840136051178, 1.0096466541290283, 2.6711885929107666, 2.7536487579345703, -0.8491160869598389, 0.0, -0.17543236911296844, 0.7010769248008728]
Query 51: [0.0, 1.561974287033081, 1.1091588735580444, -0.3420692980289459, 0.4733640253543854, 3.3907737731933594, 3.4924328327178955, -0.1898023933172226, 0.0, -0.17543236911296844, 1.4920353889465332]
Query 52: [0.0, 3.1746509075164795, 2.7693073749542236, 1.4887189865112305, 0.5991294384002686, 2.6711885929107666, 2.7536487579345703, -0.8491160869598389, 0.0, -0.17543236911296844, 0.7010769248008728]
Query 53: [0.0, 2.4262869358062744, 2.0272626876831055, -0.006916692480444908, 2.59951114654541, 1.2320176362991333, 1.2760812044143677, -0.8491160869598389, 0.0, 1.271884560585022, -0.08988155424594879]
Query 54: [0.0, -0.8069872260093689, -0.8199255466461182, -0.4675914943218231, -0.5897095799446106, 0.5124320983886719, -0.2014864832162857, 1.1288249492645264, 1.4719600677490234, -0.17543236911296844, 0.7010769248008728]
Query 55: [0.0, 1.092503547668457, 1.0960851907730103, 0.0023997335229068995, -0.755814790725708, -0.20715336501598358, -0.2014864832162857, -0.8491160869598389, 0.0, -0.17543236911296844, -0.880840003490448]
Query 56: [0.0, 0.31781989336013794, 0.16250646114349365, -0.0076072681695222855, -0.9883621335029602, -0.9267388582229614, -0.2014864832162857, -0.8491160869598389, 1.4719600677490234, -0.17543236911296844, -0.4853607714176178]
Query 57: [0.0, 0.7437466979026794, 0.5280585885047913, -0.426899254322052, -0.6134388446807861, -0.20715336501598358, -0.2014864832162857, -0.8491160869598389, 0.0, -1.6227493286132812, -0.880840003490448]
Query 58: [0.0, 1.0225244760513306, 0.7029972672462463, 1.4578857421875, 1.0926992893218994, -0.9267388582229614, -0.9402703046798706, -0.8491160869598389, 0.0, -0.17543236911296844, -1.2763192653656006]
Query 59: [0.0, -0.5974447131156921, -0.6016636490821838, -0.36085259914398193, -0.49479225277900696, -0.20715336501598358, -0.2014864832162857, -0.8491160869598389, -1.4719600677490234, 1.271884560585022, -0.4853607714176178]
Query 60: [0.0, -0.43644458055496216, -0.012527374550700188, 4.263062477111816, -0.9551410675048828, -0.20715336501598358, -0.2014864832162857, -0.8491160869598389, 0.0, -1.6227493286132812, -0.4853607714176178]
Query 61: [0.0, 3.3586556911468506, 4.179602146148682, 4.263062477111816, -0.3761456608772278, -1.6463242769241333, -0.9402703046798706, -0.1898023933172226, 0.0, 1.271884560585022, 1.0965561866760254]
Query 62: [0.0, -0.6690486073493958, -0.6760727167129517, -0.4928027391433716, -0.829375684261322, -0.9267388582229614, -0.9402703046798706, -0.1898023933172226, 0.0, -1.6227493286132812, -0.880840003490448]
Query 63: [0.0, 1.4260965585708618, 1.3391427993774414, -0.4908202588558197, -0.5493696928024292, -0.20715336501598358, -0.2014864832162857, 0.4695112705230713, -1.4719600677490234, -0.17543236911296844, 1.4920353889465332]
Query 64: [0.0, 0.31299301981925964, 1.5322511196136475, 0.1676027774810791, -0.2907201051712036, 0.5124320983886719, 0.5372973084449768, 1.1288249492645264, -1.4719600677490234, 1.271884560585022, 0.7010769248008728]
Query 65: [0.0, -0.7671502232551575, -0.7794990539550781, -0.49137911200523376, -0.2005486786365509, -0.20715336501598358, -0.9402703046798706, -0.1898023933172226, 2.943920135498047, -0.17543236911296844, -0.4853607714176178]
